View "Exported field " {
ST (0.000000,1.000000,0,0.000000,0.500000,0,0.336056,0.668219,0) {-1.000000,0.149867,0.414880};
ST (0.000000,0.500000,0,0.336106,0.334176,0,0.336056,0.668219,0) {-0.500000,0.377201,-0.021159};
ST (0.000000,0.500000,0,0.000000,0.000000,0,0.336106,0.334176,0) {-0.500000,0.224721,0.270409};
ST (0.336056,0.668219,0,0.336106,0.334176,0,0.504914,0.501654,0) {-0.332163,0.150137,0.180719};
ST (1.000000,0.000000,0,1.000000,0.500000,0,0.669595,0.334123,0) {1.000000,-0.151360,-0.411998};
ST (1.000000,0.500000,0,0.669222,0.667849,0,0.669595,0.334123,0) {0.500000,-0.375713,0.022940};
ST (1.000000,0.500000,0,1.000000,1.000000,0,0.669222,0.667849,0) {0.500000,-0.226212,-0.267533};
ST (0.669595,0.334123,0,0.669222,0.667849,0,0.504914,0.501654,0) {0.335472,-0.151592,-0.177921};
ST (0.504914,0.501654,0,0.336106,0.334176,0,0.669595,0.334123,0) {0.003260,-0.151089,0.289730};
ST (0.336106,0.334176,0,0.500000,0.000000,0,0.669595,0.334123,0) {0.001930,0.298954,0.124422};
ST (0.336106,0.334176,0,0.000000,0.000000,0,0.500000,0.000000,0) {0.001930,-0.226463,0.434358};
ST (0.669595,0.334123,0,0.500000,0.000000,0,1.000000,0.000000,0) {0.335472,-0.151360,0.523822};
ST (0.504914,0.501654,0,0.669222,0.667849,0,0.336056,0.668219,0) {0.003260,0.149635,-0.291454};
ST (0.669222,0.667849,0,0.500000,1.000000,0,0.336056,0.668219,0) {0.001373,-0.301937,-0.123316};
ST (0.669222,0.667849,0,1.000000,1.000000,0,0.500000,1.000000,0) {0.001373,0.224973,-0.436133};
ST (0.336056,0.668219,0,0.500000,1.000000,0,0.000000,1.000000,0) {-0.332163,0.149867,-0.525601};
};